%Gravity observations

%Multiplicative factor to convert gravity into SI units, and standard deviations
%identifier (0/1->no/yes). Only the first and second values are used, but the
%other values are necessary to match the number of columns
%FAC-TO-SI   SD-ID
 1.000E-05       1               0               0        0
%DISTANCE   HEIGHT BOUGUER-ANOMALY SD-BOUG-ANOMALY ON-SEDIM
    0.000  990.675        -112.356            0.25        0
   47.612  987.456        -112.375            0.40        0
  351.706  975.879        -111.997            0.25        1
  534.524  978.611        -111.191            0.40        1
  671.752  980.674        -112.020            0.25        1
  774.313  980.674        -111.558            0.40        1
 1081.834  986.862        -111.846            0.25        1
 1572.386  994.317        -111.220            0.40        1
 1818.963  998.085        -110.679            0.25        1
 1926.190  998.085        -111.472            0.25        1
 2097.408 1002.369        -111.136            0.25        1
 2362.053 1006.434        -111.249            0.40        1
 2419.415 1007.320        -111.767            0.25        1
 2471.955 1007.320        -111.751            0.25        1
 2571.035 1007.320        -111.543            0.40        1
 2688.793 1011.498        -111.409            0.25        1
 2878.077 1014.436        -112.004            0.40        1
 3298.910 1021.009        -111.903            0.25        1
 3468.431 1023.661        -113.017            0.40        1
 3625.385 1026.137        -112.431            0.25        1
 4258.685 1036.147        -113.128            0.40        1
 4631.978 1042.096        -113.789            0.40        1
 4709.955 1042.096        -113.136            0.25        1
 4906.745 1046.503        -113.171            0.25        1
 5019.099 1048.308        -112.853            0.25        1
 5096.941 1048.308        -113.201            0.40        1
 5228.109 1051.679        -113.493            0.25        1
 5279.216 1051.679        -113.309            0.40        1
 5453.675 1055.316        -113.212            0.25        1
 5716.809 1059.589        -113.188            0.40        1
 5872.275 1062.116        -113.858            0.25        1
 6046.256 1064.954        -113.664            0.40        1
 6159.174 1064.954        -113.583            0.25        1
 6412.635 1070.952        -113.468            0.25        1
 6462.707 1070.952        -113.921            0.40        1
 6928.838 1079.472        -113.758            0.25        1
 7005.351 1080.733        -113.596            0.25        1
 7313.689 1085.867        -112.962            0.40        1
 7386.078 1085.867        -113.184            0.40        1
 7483.200 1088.688        -113.307            0.25        1
 7780.118 1093.650        -113.370            0.25        1
 8350.526 1103.271        -112.699            0.25        1
 8437.275 1104.746        -112.849            0.25        1
 8685.439 1108.952        -112.872            0.25        1
 8928.303 1113.099        -111.443            0.40        1
 9089.689 1115.857        -112.191            0.25        1
 9209.233 1117.902        -111.655            0.40        1
 9329.975 1117.902        -112.007            0.25        1
 9517.423 1123.191        -111.796            0.40        1
 9973.434 1131.082        -111.355            0.25        1
10115.465 1133.545        -111.379            0.40        1
10279.103 1136.399        -110.570            0.25        1
10434.264 1139.105        -109.653            0.40        1
10508.533 1139.105        -109.966            0.25        1
10660.586 1143.067        -109.661            0.25        1
11006.086 1149.147        -109.094            0.40        1
11274.241 1153.872        -108.420            0.25        1
11452.944 1157.043        -108.167            0.25        1
11512.849 1157.043        -108.180            0.25        1
11706.404 1161.559        -107.416            0.40        1
11857.613 1164.250        -107.874            0.40        1
12142.482 1169.346        -106.904            0.25        1
12664.434 1178.752        -105.295            0.25        1
12720.741 1178.752        -106.242            0.40        1
12914.543 1183.283        -105.282            0.25        1
13174.418 1188.000        -104.284            0.40        1
13409.858 1192.304        -104.076            0.25        1
13879.939 1200.932        -103.086            0.40        1
14014.452 1203.413        -102.644            0.25        1
14287.603 1208.469        -101.640            0.40        1
14444.628 1211.381        -101.545            0.25        1
14951.309 1220.839        -100.131            0.25        1
15164.776 1224.836        -100.008            0.40        1
17038.549 1260.553         -95.190            0.25        1
17107.236 1260.553         -94.831            0.40        1
17249.936 1264.652         -94.790            0.25        1
17452.947 1268.593         -94.259            0.25        1
18276.541 1284.722         -92.899            0.40        1
18696.650 1293.033         -91.716            0.25        1
18883.964 1296.755         -91.560            0.40        1
19107.184 1301.197         -91.423            0.25        1
19461.934 1308.292         -91.040            0.25        1
19528.301 1308.292         -91.130            0.25        1
19728.154 1313.654         -90.993            0.40        1
19889.348 1316.903         -90.729            0.25        1
19974.681 1316.903         -90.159            0.25        1
20544.257 1330.204         -89.641            0.40        1
20946.213 1338.420         -89.177            0.25        1
21438.419 1348.570         -88.742            0.25        1
21687.237 1353.732         -88.620            0.25        1
22154.210 1363.469         -88.334            0.40        1
22392.746 1368.463         -87.609            0.25        1
22695.813 1374.830         -87.328            0.40        1
23283.744 1387.293         -86.285            0.25        1
24017.224 1402.991         -85.516            0.25        1
24233.037 1407.642         -84.316            0.40        1
24688.082 1417.507         -83.184            0.25        1
24877.882 1421.637         -82.753            0.25        1
25806.021 1460.552         -81.329            0.25        0
