%Gravity observations

%Multiplicative factor to convert gravity into SI units, and standard deviations
%identifier (0/1->no/yes). Only the first and second values are used, but the
%other values are necessary to match the number of columns
%FAC-TO-SI       SD-ID
 1.000E-05           1        0               0               0        0
%    X-UTM       Y-UTM   HEIGHT BOUGUER-ANOMALY SD-BOUG-ANOMALY ON-SEDIM
329999.915 4500000.146  990.675        -112.356            0.25        0
330057.018 4499996.466  987.456        -112.375            0.40        0
330320.966 4500147.483  975.879        -111.997            0.25        1
330463.654 4500265.975  978.611        -111.191            0.40        1
330594.090 4500314.510  980.674        -112.020            0.25        1
330680.668 4500369.675  980.674        -111.558            0.40        1
330934.302 4500545.410  986.862        -111.846            0.25        1
331347.382 4500811.036  994.317        -111.220            0.40        1
331572.657 4500914.003  998.085        -110.679            0.25        1
331667.115 4500964.852  998.085        -111.472            0.25        1
331808.428 4501062.527 1002.369        -111.136            0.25        1
332036.396 4501196.963 1006.434        -111.249            0.40        1
332095.300 4501209.664 1007.320        -111.767            0.25        1
332147.536 4501224.269 1007.320        -111.751            0.25        1
332227.901 4501283.233 1007.320        -111.543            0.40        1
332323.180 4501353.719 1011.498        -111.409            0.25        1
332497.869 4501429.719 1014.436        -112.004            0.40        1
332856.981 4501649.383 1021.009        -111.903            0.25        1
333003.616 4501734.447 1023.661        -113.017            0.40        1
333137.477 4501816.500 1026.137        -112.431            0.25        1
333692.116 4502122.437 1036.147        -113.128            0.40        1
333998.600 4502338.176 1042.096        -113.789            0.40        1
334078.177 4502356.299 1042.096        -113.136            0.25        1
334246.087 4502459.051 1046.503        -113.171            0.25        1
334347.638 4502507.867 1048.308        -112.853            0.25        1
334417.242 4502542.994 1048.308        -113.201            0.40        1
334533.609 4502603.778 1051.679        -113.493            0.25        1
334573.394 4502637.082 1051.679        -113.309            0.40        1
334707.466 4502753.778 1055.316        -113.212            0.25        1
334955.081 4502851.166 1059.589        -113.188            0.40        1
335084.844 4502937.341 1062.116        -113.858            0.25        1
335243.270 4503010.902 1064.954        -113.664            0.40        1
335331.864 4503083.289 1064.954        -113.583            0.25        1
335556.437 4503201.239 1070.952        -113.468            0.25        1
335602.607 4503221.415 1070.952        -113.921            0.40        1
335988.133 4503485.924 1079.472        -113.758            0.25        1
336080.789 4503478.468 1080.733        -113.596            0.25        1
336333.992 4503656.582 1085.867        -112.962            0.40        1
336413.084 4503664.369 1085.867        -113.184            0.40        1
336490.924 4503723.791 1088.688        -113.307            0.25        1
336736.893 4503891.595 1093.650        -113.370            0.25        1
337231.936 4504174.972 1103.271        -112.699            0.25        1
337320.572 4504194.948 1104.746        -112.849            0.25        1
337513.615 4504356.914 1108.952        -112.872            0.25        1
337738.421 4504453.268 1113.099        -111.443            0.40        1
337878.433 4504533.531 1115.857        -112.191            0.25        1
337980.425 4504595.964 1117.902        -111.655            0.40        1
338073.814 4504675.694 1117.902        -112.007            0.25        1
338228.537 4504782.601 1123.191        -111.796            0.40        1
338618.360 4505019.430 1131.082        -111.355            0.25        1
338760.036 4505058.103 1133.545        -111.379            0.40        1
338903.411 4505137.046 1136.399        -110.570            0.25        1
339047.529 4505197.748 1139.105        -109.653            0.40        1
339113.301 4505232.366 1139.105        -109.966            0.25        1
339234.553 4505326.457 1143.067        -109.661            0.25        1
339550.784 4505469.729 1149.147        -109.094            0.40        1
339762.263 4505639.746 1153.872        -108.420            0.25        1
339926.141 4505713.308 1157.043        -108.167            0.25        1
339971.285 4505754.925 1157.043        -108.180            0.25        1
340139.001 4505851.542 1161.559        -107.416            0.40        1
340271.344 4505924.737 1164.250        -107.874            0.40        1
340515.809 4506071.048 1169.346        -106.904            0.25        1
340969.379 4506329.346 1178.752        -105.295            0.25        1
341012.137 4506367.901 1178.752        -106.242            0.40        1
341179.843 4506465.029 1183.283        -105.282            0.25        1
341407.502 4506590.462 1188.000        -104.284            0.40        1
341615.926 4506700.341 1192.304        -104.076            0.25        1
342019.494 4506941.503 1200.932        -103.086            0.40        1
342138.223 4507004.884 1203.413        -102.644            0.25        1
342378.593 4507134.855 1208.469        -101.640            0.40        1
342512.638 4507216.732 1211.381        -101.545            0.25        1
342938.969 4507491.666 1220.839        -100.131            0.25        1
343143.478 4507564.381 1224.836        -100.008            0.40        1
344759.521 4508512.858 1260.553         -95.190            0.25        1
344834.425 4508520.495 1260.553         -94.831            0.40        1
344939.179 4508624.455 1264.652         -94.790            0.25        1
345109.475 4508735.516 1268.593         -94.259            0.25        1
345829.157 4509136.177 1284.722         -92.899            0.40        1
346194.707 4509343.245 1293.033         -91.716            0.25        1
346354.554 4509441.010 1296.755         -91.560            0.40        1
346551.435 4509546.442 1301.197         -91.423            0.25        1
346866.416 4509710.379 1308.292         -91.040            0.25        1
346936.161 4509722.311 1308.292         -91.130            0.25        1
347087.673 4509859.590 1313.654         -90.993            0.40        1
347197.296 4509992.103 1316.903         -90.729            0.25        1
347284.656 4510011.459 1316.903         -90.159            0.25        1
347792.383 4510271.202 1330.204         -89.641            0.40        1
348155.447 4510446.270 1338.420         -89.177            0.25        1
348557.733 4510733.900 1348.570         -88.742            0.25        1
348773.535 4510857.756 1353.732         -88.620            0.25        1
349197.101 4511058.066 1363.469         -88.334            0.40        1
349397.986 4511187.194 1368.463         -87.609            0.25        1
349657.667 4511343.547 1374.830         -87.328            0.40        1
350159.425 4511650.340 1387.293         -86.285            0.25        1
350794.385 4512017.517 1402.991         -85.516            0.25        1
350986.640 4512116.148 1407.642         -84.316            0.40        1
351380.238 4512344.505 1417.507         -83.184            0.25        1
351542.524 4512443.018 1421.637         -82.753            0.25        1
352356.168 4512890.023 1460.552         -81.329            0.25        0
