%Reference subsoil model
%DISTANCE BOTTOM-HEIGHT
  289.765       963.608
  489.765       962.926
  689.765       962.576
  889.765       963.699
 1089.765       963.908
 1289.765       962.080
 1489.765       959.303
 1689.765       952.131
 1889.765       943.460
 2089.765       935.613
 2289.765       926.214
 2489.765       912.493
 2689.765       901.084
 2889.765       887.614
 3089.765       873.827
 3289.765       859.460
 3489.765       844.076
 3689.765       828.241
 3889.765       813.953
 4089.765       798.594
 4289.765       782.801
 4489.765       768.188
 4689.765       752.390
 4889.765       739.085
 5089.765       723.583
 5289.765       710.146
 5489.765       697.523
 5689.765       686.155
 5889.765       673.721
 6089.765       662.329
 6289.765       652.849
 6489.765       642.209
 6689.765       634.975
 6889.765       627.994
 7089.765       619.247
 7289.765       615.288
 7489.765       609.956
 7689.765       607.726
 7889.765       603.354
 8089.765       601.478
 8289.765       601.582
 8489.765       599.747
 8689.765       601.609
 8889.765       604.350
 9089.765       606.658
 9289.765       609.169
 9489.765       615.821
 9689.765       621.051
 9889.765       629.080
10089.765       635.495
10289.765       643.093
10489.765       651.321
10689.765       661.550
10889.765       672.551
11089.765       682.231
11289.765       695.228
11489.765       707.240
11689.765       721.165
11889.765       733.752
12089.765       749.223
12289.765       762.650
12489.765       777.426
12689.765       792.057
12889.765       808.342
13089.765       825.060
13289.765       839.361
13489.765       853.893
13689.765       871.454
13889.765       887.429
14089.765       902.394
14289.765       919.894
14489.765       935.163
14689.765       951.979
14889.765       968.928
15089.765       984.778
15289.765       998.762
15489.765      1013.890
15689.765      1028.718
15889.765      1043.166
16089.765      1057.234
16289.765      1070.872
16489.765      1084.070
16689.765      1096.809
16889.765      1109.037
17089.765      1119.765
17289.765      1131.236
17489.765      1141.985
17689.765      1152.882
17889.765      1162.481
18089.765      1171.510
18289.765      1179.717
18489.765      1187.909
18689.765      1195.390
18889.765      1201.967
19089.765      1208.711
19289.765      1214.158
19489.765      1218.882
19689.765      1225.066
19889.765      1228.699
20089.765      1232.749
20289.765      1236.430
20489.765      1240.912
20689.765      1242.951
20889.765      1247.064
21089.765      1248.753
21289.765      1251.555
21489.765      1253.305
21689.765      1257.257
21889.765      1260.449
22089.765      1265.214
22289.765      1267.683
22489.765      1269.964
22689.765      1277.068
22889.765      1282.639
23089.765      1289.191
23289.765      1296.612
23489.765      1305.477
23689.765      1315.489
23889.765      1326.952
24089.765      1338.479
24289.765      1353.716
24489.765      1371.842
24689.765      1390.875
24889.765      1403.096
25089.765      1418.405
25289.765      1429.329
