%Gravity observations

%Multiplicative factor to convert gravity into SI units, and standard deviations
%identifier (0/1->no/yes). Only the first and second values are used, but the
%other values are necessary to match the number of columns
%FAC-TO-SI       SD-ID
 1.000E-05           1        0               0               0        0
%    X-UTM       Y-UTM   HEIGHT BOUGUER-ANOMALY SD-BOUG-ANOMALY ON-SEDIM
329999.915 4500000.146  990.675        -112.356            0.25        0
330057.018 4499996.466  987.456        -112.375            0.40        0
330320.966 4500147.483  975.879        -111.997            0.25        1
330680.668 4500369.675  980.674        -111.558            0.40        1
331572.657 4500914.003  998.085        -110.679            0.25        1
332036.396 4501196.963 1006.434        -111.249            0.40        1
332227.901 4501283.233 1007.320        -111.543            0.40        1
332856.981 4501649.383 1021.009        -111.903            0.25        1
333137.477 4501816.500 1026.137        -112.431            0.25        1
333692.116 4502122.437 1036.147        -113.128            0.40        1
334246.087 4502459.051 1046.503        -113.171            0.25        1
334533.609 4502603.778 1051.679        -113.493            0.25        1
334955.081 4502851.166 1059.589        -113.188            0.40        1
335331.864 4503083.289 1064.954        -113.583            0.25        1
335988.133 4503485.924 1079.472        -113.758            0.25        1
336413.084 4503664.369 1085.867        -113.184            0.40        1
337231.936 4504174.972 1103.271        -112.699            0.25        1
337738.421 4504453.268 1113.099        -111.443            0.40        1
338073.814 4504675.694 1117.902        -112.007            0.25        1
338760.036 4505058.103 1133.545        -111.379            0.40        1
338903.411 4505137.046 1136.399        -110.570            0.25        1
339113.301 4505232.366 1139.105        -109.966            0.25        1
339762.263 4505639.746 1153.872        -108.420            0.25        1
339971.285 4505754.925 1157.043        -108.180            0.25        1
340139.001 4505851.542 1161.559        -107.416            0.40        1
340969.379 4506329.346 1178.752        -105.295            0.25        1
341407.502 4506590.462 1188.000        -104.284            0.40        1
342138.223 4507004.884 1203.413        -102.644            0.25        1
342938.969 4507491.666 1220.839        -100.131            0.25        1
344834.425 4508520.495 1260.553         -94.831            0.40        1
345829.157 4509136.177 1284.722         -92.899            0.40        1
346551.435 4509546.442 1301.197         -91.423            0.25        1
347087.673 4509859.590 1313.654         -90.993            0.40        1
347792.383 4510271.202 1330.204         -89.641            0.40        1
348773.535 4510857.756 1353.732         -88.620            0.25        1
349657.667 4511343.547 1374.830         -87.328            0.40        1
350986.640 4512116.148 1407.642         -84.316            0.40        1
351542.524 4512443.018 1421.637         -82.753            0.25        1
352356.168 4512890.023 1460.552         -81.329            0.25        0
