%Gravity observations

%Multiplicative factor to convert gravity into SI units, and standard deviations
%identifier (0/1->no/yes). Only the first and second values are used, but the
%other values are necessary to match the number of columns
%FAC-TO-SI   SD-ID
 1.000E-05       1               0               0        0
%DISTANCE   HEIGHT BOUGUER-ANOMALY SD-BOUG-ANOMALY ON-SEDIM
    0.000  990.675        -112.356            0.25        0
   47.612  987.456        -112.375            0.40        0
  351.706  975.879        -111.997            0.25        1
  774.313  980.674        -111.558            0.40        1
 1818.963  998.085        -110.679            0.25        1
 2362.053 1006.434        -111.249            0.40        1
 2571.035 1007.320        -111.543            0.40        1
 3298.910 1021.009        -111.903            0.25        1
 3625.385 1026.137        -112.431            0.25        1
 4258.685 1036.147        -113.128            0.40        1
 4906.745 1046.503        -113.171            0.25        1
 5228.109 1051.679        -113.493            0.25        1
 5716.809 1059.589        -113.188            0.40        1
 6159.174 1064.954        -113.583            0.25        1
 6928.838 1079.472        -113.758            0.25        1
 7386.078 1085.867        -113.184            0.40        1
 8350.526 1103.271        -112.699            0.25        1
 8928.303 1113.099        -111.443            0.40        1
 9329.975 1117.902        -112.007            0.25        1
10115.465 1133.545        -111.379            0.40        1
10279.103 1136.399        -110.570            0.25        1
10508.533 1139.105        -109.966            0.25        1
11274.241 1153.872        -108.420            0.25        1
11512.849 1157.043        -108.180            0.25        1
11706.404 1161.559        -107.416            0.40        1
12664.434 1178.752        -105.295            0.25        1
13174.418 1188.000        -104.284            0.40        1
14014.452 1203.413        -102.644            0.25        1
14951.309 1220.839        -100.131            0.25        1
17107.236 1260.553         -94.831            0.40        1
18276.541 1284.722         -92.899            0.40        1
19107.184 1301.197         -91.423            0.25        1
19728.154 1313.654         -90.993            0.40        1
20544.257 1330.204         -89.641            0.40        1
21687.237 1353.732         -88.620            0.25        1
22695.813 1374.830         -87.328            0.40        1
24233.037 1407.642         -84.316            0.40        1
24877.882 1421.637         -82.753            0.25        1
25806.021 1460.552         -81.329            0.25        0
